{
 "cells": [
  {
   "cell_type": "code",
   "execution_count": 22,
   "id": "b7301905-fcd5-489f-87dc-c24f583f84dc",
   "metadata": {},
   "outputs": [],
   "source": [
    "from pyspark.sql import SparkSession\n",
    "import pyspark.sql.functions as F\n",
    "import os\n",
    "from pyspark.sql.functions import col, lit, to_date, split, when, coalesce\n",
    "from pyspark.sql.types import MapType, StringType"
   ]
  },
  {
   "cell_type": "code",
   "execution_count": 23,
   "id": "b342d134-165e-44b5-8599-19a7e8573a82",
   "metadata": {},
   "outputs": [],
   "source": [
    "spark = SparkSession.builder \\\n",
    "                    .appName('tennis') \\\n",
    "                    .getOrCreate()"
   ]
  },
  {
   "cell_type": "code",
   "execution_count": 29,
   "id": "c5fe1f42-e2ec-4347-aab7-92aaa7793ef0",
   "metadata": {},
   "outputs": [
    {
     "name": "stdout",
     "output_type": "stream",
     "text": [
      "+----------+------------+-------+---------+-------------+------------+---------+---------+-----------+------------+--------------+-----------+---------+----------+----------+--------+----------+-----------+-------------+----------+--------+---------+---------+-----------+-------+-----+-------+-----+----+------+-------+--------+--------+-------+---------+---------+-----+----+------+-------+--------+--------+-------+---------+---------+-----------+------------------+----------+-----------------+\n",
      "|tourney_id|tourney_name|surface|draw_size|tourney_level|tourney_date|match_num|winner_id|winner_seed|winner_entry|   winner_name|winner_hand|winner_ht|winner_ioc|winner_age|loser_id|loser_seed|loser_entry|   loser_name|loser_hand|loser_ht|loser_ioc|loser_age|      score|best_of|round|minutes|w_ace|w_df|w_svpt|w_1stIn|w_1stWon|w_2ndWon|w_SvGms|w_bpSaved|w_bpFaced|l_ace|l_df|l_svpt|l_1stIn|l_1stWon|l_2ndWon|l_SvGms|l_bpSaved|l_bpFaced|winner_rank|winner_rank_points|loser_rank|loser_rank_points|\n",
      "+----------+------------+-------+---------+-------------+------------+---------+---------+-----------+------------+--------------+-----------+---------+----------+----------+--------+----------+-----------+-------------+----------+--------+---------+---------+-----------+-------+-----+-------+-----+----+------+-------+--------+--------+-------+---------+---------+-----+----+------+-------+--------+--------+-------+---------+---------+-----------+------------------+----------+-----------------+\n",
      "|  1994-339|    Adelaide|   Hard|       32|            A|    19940103|        1|   101404|          1|        NULL| Thomas Muster|          L|      180|       AUT|      26.2|  101214|      NULL|       NULL|Bryan Shelton|         R|     185|      USA|     28.0|    6-2 6-2|      3|  R32|     73|    5|   4|    48|     26|      21|      13|      8|        1|        1|    6|   6|    64|     30|      17|      15|      8|       10|       14|          9|              NULL|        97|             NULL|\n",
      "|  1994-339|    Adelaide|   Hard|       32|            A|    19940103|        2|   101917|       NULL|        NULL|Grant Stafford|          R|      188|       RSA|      22.6|  101190|      NULL|         WC|Darren Cahill|         R|     185|      AUS|     28.2|6-3 4-6 6-2|      3|  R32|    101|    1|   4|    89|     59|      39|      16|     14|        6|        9|    2|   5|    72|     37|      25|      17|     13|        1|        6|         86|              NULL|      NULL|             NULL|\n",
      "+----------+------------+-------+---------+-------------+------------+---------+---------+-----------+------------+--------------+-----------+---------+----------+----------+--------+----------+-----------+-------------+----------+--------+---------+---------+-----------+-------+-----+-------+-----+----+------+-------+--------+--------+-------+---------+---------+-----+----+------+-------+--------+--------+-------+---------+---------+-----------+------------------+----------+-----------------+\n",
      "only showing top 2 rows\n",
      "\n"
     ]
    }
   ],
   "source": [
    "singles=spark.read.option(\"header\",\"true\").option(\"inferSchema\",\"true\") \\\n",
    ".csv('singles')\n",
    "\n",
    "singles.show(2)"
   ]
  },
  {
   "cell_type": "code",
   "execution_count": 30,
   "id": "a6a2a283-7997-4a85-b808-5c958e76a145",
   "metadata": {},
   "outputs": [
    {
     "name": "stdout",
     "output_type": "stream",
     "text": [
      "+----------+------------+-------+---------+-------------+------------+---------+---------+-----------+------------+-----------+-----------+---------+----------+----------+--------+----------+-----------+----------+----------+--------+---------+---------+-----+-------+-----+-------+-----+----+------+-------+--------+--------+-------+---------+---------+-----+----+------+-------+--------+--------+-------+---------+---------+-----------+------------------+----------+-----------------+\n",
      "|tourney_id|tourney_name|surface|draw_size|tourney_level|tourney_date|match_num|winner_id|winner_seed|winner_entry|winner_name|winner_hand|winner_ht|winner_ioc|winner_age|loser_id|loser_seed|loser_entry|loser_name|loser_hand|loser_ht|loser_ioc|loser_age|score|best_of|round|minutes|w_ace|w_df|w_svpt|w_1stIn|w_1stWon|w_2ndWon|w_SvGms|w_bpSaved|w_bpFaced|l_ace|l_df|l_svpt|l_1stIn|l_1stWon|l_2ndWon|l_SvGms|l_bpSaved|l_bpFaced|winner_rank|winner_rank_points|loser_rank|loser_rank_points|\n",
      "+----------+------------+-------+---------+-------------+------------+---------+---------+-----------+------------+-----------+-----------+---------+----------+----------+--------+----------+-----------+----------+----------+--------+---------+---------+-----+-------+-----+-------+-----+----+------+-------+--------+--------+-------+---------+---------+-----+----+------+-------+--------+--------+-------+---------+---------+-----------+------------------+----------+-----------------+\n",
      "|       0.0|         0.0|    1.6|      0.4|          0.0|         0.0|      0.0|      0.0|       63.0|        91.3|        0.0|        0.0|      8.8|       0.0|       0.7|     0.0|      81.2|       85.2|       0.0|       0.0|    15.5|      0.0|      2.4|  0.0|    0.0|  0.0|   51.9| 50.5|50.5|  50.5|   50.5|    50.5|    50.5|   50.5|     50.5|     50.5| 50.5|50.5|  50.5|   50.5|    50.5|    50.5|   50.5|     50.5|     50.5|       18.6|              43.2|      23.0|             44.1|\n",
      "+----------+------------+-------+---------+-------------+------------+---------+---------+-----------+------------+-----------+-----------+---------+----------+----------+--------+----------+-----------+----------+----------+--------+---------+---------+-----+-------+-----+-------+-----+----+------+-------+--------+--------+-------+---------+---------+-----+----+------+-------+--------+--------+-------+---------+---------+-----------+------------------+----------+-----------------+\n",
      "\n"
     ]
    }
   ],
   "source": [
    "from pyspark.sql.functions import col, count, round\n",
    "\n",
    "null_counts = singles.select([round(((count(when(col(c).isNull(), c)) / singles.count()) * 100), 1).alias(c) for c in singles.columns])\n",
    "null_counts.show()"
   ]
  },
  {
   "cell_type": "code",
   "execution_count": 38,
   "id": "d2a6ed69-dbaa-4daf-8490-81adf8c4ff22",
   "metadata": {},
   "outputs": [
    {
     "name": "stdout",
     "output_type": "stream",
     "text": [
      "+-------+-------------+---------+---------+-----------+---------+----------+----------+--------+----------+---------+---------+-------+-----+\n",
      "|surface|tourney_level|match_num|winner_id|winner_hand|winner_ht|winner_ioc|winner_age|loser_id|loser_hand|loser_ioc|loser_age|best_of|round|\n",
      "+-------+-------------+---------+---------+-----------+---------+----------+----------+--------+----------+---------+---------+-------+-----+\n",
      "|   Hard|            A|        1|   101404|          L|      180|       AUT|      26.2|  101214|         R|      USA|     28.0|      3|  R32|\n",
      "|   Hard|            A|        2|   101917|          R|      188|       RSA|      22.6|  101190|         R|      AUS|     28.2|      3|  R32|\n",
      "|   Hard|            A|        3|   102158|          R|      185|       AUS|      21.0|  210013|         R|      CZE|     21.4|      3|  R32|\n",
      "|   Hard|            A|        4|   101601|          R|      185|       NZL|      24.6|  101647|         R|      ZIM|     24.2|      3|  R32|\n",
      "|   Hard|            A|        5|   101120|          R|      190|       CZE|      28.7|  101682|         R|      RSA|     23.9|      3|  R32|\n",
      "|   Hard|            A|        6|   102338|          R|      190|       RUS|      19.8|  101138|         R|      AUS|     28.6|      3|  R32|\n",
      "|   Hard|            A|        7|   101920|          R|      185|       AUS|      22.5|  101805|         R|      RSA|     23.2|      3|  R32|\n",
      "|   Hard|            A|        8|   101866|          L|      178|       CZE|      22.8|  101195|         R|      ISR|     28.2|      3|  R32|\n",
      "|   Hard|            A|        9|   101659|          L|      183|       SWE|      24.1|  101230|         R|      RUS|     27.9|      3|  R32|\n",
      "|   Hard|            A|       10|   102202|          L|      190|       DEN|      20.7|  102205|         R|      CAN|     20.6|      3|  R32|\n",
      "|   Hard|            A|       11|   101377|          R|      180|       SWE|      26.4|  102247|         R|      ITA|     20.4|      3|  R32|\n",
      "|   Hard|            A|       12|   101334|          L|      188|       RUS|      26.8|  101549|         L|      FRA|     25.0|      3|  R32|\n",
      "|   Hard|            A|       13|   101735|          R|      196|       AUS|      23.6|  101062|         R|      SWE|     29.3|      3|  R32|\n",
      "|   Hard|            A|       14|   101703|          R|      180|       FRA|      23.8|  102358|         R|      SWE|     19.8|      3|  R32|\n",
      "|   Hard|            A|       15|   102257|          L|      193|       GBR|      20.3|  101821|         R|      AUS|     23.1|      3|  R32|\n",
      "|   Hard|            A|       16|   101900|          R|      190|       SWE|      22.7|  101820|         R|      SUI|     23.1|      3|  R32|\n",
      "|   Hard|            A|       17|   101917|          R|      188|       RSA|      22.6|  101404|         L|      AUT|     26.2|      3|  R16|\n",
      "|   Hard|            A|       18|   102158|          R|      185|       AUS|      21.0|  101601|         R|      NZL|     24.6|      3|  R16|\n",
      "|   Hard|            A|       19|   102338|          R|      190|       RUS|      19.8|  101120|         R|      CZE|     28.7|      3|  R16|\n",
      "|   Hard|            A|       20|   101866|          L|      178|       CZE|      22.8|  101920|         R|      AUS|     22.5|      3|  R16|\n",
      "+-------+-------------+---------+---------+-----------+---------+----------+----------+--------+----------+---------+---------+-------+-----+\n",
      "only showing top 20 rows\n",
      "\n"
     ]
    }
   ],
   "source": [
    "selected_columns = ['surface',\n",
    "                    'tourney_level',\n",
    "                    'match_num',\n",
    "                    'winner_id',\n",
    "                    'winner_hand', \n",
    "                    'winner_ht', \n",
    "                    'winner_ioc',\n",
    "                    'winner_age', \n",
    "                    'loser_id',\n",
    "                    'loser_hand',\n",
    "                    'loser_ioc',\n",
    "                    'loser_age',\n",
    "                    'best_of',\n",
    "                    'round'\n",
    "                   ]\n",
    "\n",
    "clean_df = singles.select(selected_columns)\n",
    "clean_df = clean_df.dropna()\n",
    "clean_df.show()"
   ]
  },
  {
   "cell_type": "markdown",
   "id": "d81a4afd",
   "metadata": {},
   "source": [
    "For the correlation matrix, only numerical values can be analysed. We will give a different id per different value in the attributes where this processing makes sense."
   ]
  },
  {
   "cell_type": "code",
   "execution_count": 39,
   "id": "d25bbc2f",
   "metadata": {},
   "outputs": [
    {
     "name": "stdout",
     "output_type": "stream",
     "text": [
      "+---------+---------+---------+----------+--------+---------+-------+-----------------+----------------+--------------+-------------+--------+----------------+----------+\n",
      "|match_num|winner_id|winner_ht|winner_age|loser_id|loser_age|best_of|winner_country_id|loser_country_id|winner_hand_id|loser_hand_id|round_id|tourney_level_id|surface_id|\n",
      "+---------+---------+---------+----------+--------+---------+-------+-----------------+----------------+--------------+-------------+--------+----------------+----------+\n",
      "|        1|   101404|      180|      26.2|  101214|     28.0|      3|             16.0|             0.0|           1.0|          0.0|     0.0|             0.0|       0.0|\n",
      "|        2|   101917|      188|      22.6|  101190|     28.2|      3|             12.0|             2.0|           0.0|          0.0|     0.0|             0.0|       0.0|\n",
      "|        3|   102158|      185|      21.0|  210013|     21.4|      3|              2.0|             8.0|           0.0|          0.0|     0.0|             0.0|       0.0|\n",
      "|        4|   101601|      185|      24.6|  101647|     24.2|      3|             23.0|            42.0|           0.0|          0.0|     0.0|             0.0|       0.0|\n",
      "|        5|   101120|      190|      28.7|  101682|     23.9|      3|              8.0|            11.0|           0.0|          0.0|     0.0|             0.0|       0.0|\n",
      "|        6|   102338|      190|      19.8|  101138|     28.6|      3|              9.0|             2.0|           0.0|          0.0|     0.0|             0.0|       0.0|\n",
      "|        7|   101920|      185|      22.5|  101805|     23.2|      3|              2.0|            11.0|           0.0|          0.0|     0.0|             0.0|       0.0|\n",
      "|        8|   101866|      178|      22.8|  101195|     28.2|      3|              8.0|            26.0|           1.0|          0.0|     0.0|             0.0|       0.0|\n",
      "|        9|   101659|      183|      24.1|  101230|     27.9|      3|              6.0|            10.0|           1.0|          0.0|     0.0|             0.0|       0.0|\n",
      "|       10|   102202|      190|      20.7|  102205|     20.6|      3|             36.0|            19.0|           1.0|          0.0|     0.0|             0.0|       0.0|\n",
      "|       11|   101377|      180|      26.4|  102247|     20.4|      3|              6.0|             7.0|           0.0|          0.0|     0.0|             0.0|       0.0|\n",
      "|       12|   101334|      188|      26.8|  101549|     25.0|      3|              9.0|             3.0|           1.0|          1.0|     0.0|             0.0|       0.0|\n",
      "|       13|   101735|      196|      23.6|  101062|     29.3|      3|              2.0|             6.0|           0.0|          0.0|     0.0|             0.0|       0.0|\n",
      "|       14|   101703|      180|      23.8|  102358|     19.8|      3|              3.0|             6.0|           0.0|          0.0|     0.0|             0.0|       0.0|\n",
      "|       15|   102257|      193|      20.3|  101821|     23.1|      3|             10.0|             2.0|           1.0|          0.0|     0.0|             0.0|       0.0|\n",
      "|       16|   101900|      190|      22.7|  101820|     23.1|      3|              6.0|            16.0|           0.0|          0.0|     0.0|             0.0|       0.0|\n",
      "|       17|   101917|      188|      22.6|  101404|     26.2|      3|             12.0|            15.0|           0.0|          1.0|     1.0|             0.0|       0.0|\n",
      "|       18|   102158|      185|      21.0|  101601|     24.6|      3|              2.0|            24.0|           0.0|          0.0|     1.0|             0.0|       0.0|\n",
      "|       19|   102338|      190|      19.8|  101120|     28.7|      3|              9.0|             8.0|           0.0|          0.0|     1.0|             0.0|       0.0|\n",
      "|       20|   101866|      178|      22.8|  101920|     22.5|      3|              8.0|             2.0|           1.0|          0.0|     1.0|             0.0|       0.0|\n",
      "+---------+---------+---------+----------+--------+---------+-------+-----------------+----------------+--------------+-------------+--------+----------------+----------+\n",
      "only showing top 20 rows\n",
      "\n"
     ]
    }
   ],
   "source": [
    "from pyspark.ml.feature import StringIndexer\n",
    "\n",
    "string_indexer = StringIndexer(inputCol='winner_ioc', outputCol='winner_country_id')\n",
    "indexed_df = string_indexer.fit(clean_df).transform(clean_df)\n",
    "\n",
    "string_indexer = StringIndexer(inputCol='loser_ioc', outputCol='loser_country_id')\n",
    "indexed_df = string_indexer.fit(indexed_df).transform(indexed_df)\n",
    "\n",
    "string_indexer = StringIndexer(inputCol='winner_hand', outputCol='winner_hand_id')\n",
    "indexed_df = string_indexer.fit(indexed_df).transform(indexed_df)\n",
    "\n",
    "string_indexer = StringIndexer(inputCol='loser_hand', outputCol='loser_hand_id')\n",
    "indexed_df = string_indexer.fit(indexed_df).transform(indexed_df)\n",
    "\n",
    "string_indexer = StringIndexer(inputCol='round', outputCol='round_id')\n",
    "indexed_df = string_indexer.fit(indexed_df).transform(indexed_df)\n",
    "\n",
    "string_indexer = StringIndexer(inputCol='tourney_level', outputCol='tourney_level_id')\n",
    "indexed_df = string_indexer.fit(indexed_df).transform(indexed_df)\n",
    "\n",
    "string_indexer = StringIndexer(inputCol='surface', outputCol='surface_id')\n",
    "indexed_df = string_indexer.fit(indexed_df).transform(indexed_df)\n",
    "\n",
    "\n",
    "columns_to_drop = ['winner_ioc', 'loser_ioc', 'winner_hand', 'loser_hand', 'round', 'tourney_level', 'surface']\n",
    "indexed_df = indexed_df.drop(*columns_to_drop)\n",
    "\n",
    "indexed_df.show()"
   ]
  },
  {
   "cell_type": "code",
   "execution_count": 74,
   "id": "7e63ca8b-b8a0-4e03-bc00-91c45c3adbdb",
   "metadata": {},
   "outputs": [
    {
     "name": "stderr",
     "output_type": "stream",
     "text": [
      "24/04/25 19:33:35 WARN InstanceBuilder: Failed to load implementation from:dev.ludovic.netlib.blas.JNIBLAS\n",
      "[Stage 1818:====>                                                 (1 + 11) / 12]\r"
     ]
    },
    {
     "name": "stdout",
     "output_type": "stream",
     "text": [
      "[[1.0, 0.2493278948315816, 0.07058373304100209, 0.13401368145757422, 0.2455056153633318, 0.12544998610577152, 0.06270364237942624, -0.02438569491366013, -0.0324049062639377, 0.007825150934026012, 0.001104355479192002, 0.02267306100721263, -0.05088956555613242, -0.04433992461400476], [0.2493278948315816, 1.0, 0.09306992391407733, -0.13435688526477144, 0.3533435948733868, 0.06497982837696491, -0.009291062653911197, 0.06057836254219969, 0.05869158578005579, -0.024659078069957548, 0.0025890138463286424, 0.021016449346751308, 0.06022620226770025, -0.10322786373311349], [0.07058373304100209, 0.09306992391407733, 1.0, -0.01446971761893022, 0.08712621447150376, 0.03600935410686811, 0.008925021366722737, 0.015602216543206964, 0.013398780974550648, -0.06252291482886901, -0.005033075700885104, 0.006698886659811137, 0.05172717124978966, -0.04305452331708014], [0.13401368145757422, -0.13435688526477144, -0.01446971761893022, 1.0, 0.057263764520413415, 0.09374803124804659, -0.0016114348214940392, -0.030327866416770946, -0.005389766511602727, 0.04827628432064227, -0.004142204873018824, -0.0216424187104949, -0.029533739953069252, -0.0038052335308086235], [0.2455056153633318, 0.3533435948733868, 0.08712621447150376, 0.057263764520413415, 1.0, -0.137007515361994, 0.004038390306218806, 0.08424790473742853, 0.06720520833942412, -0.01650436416487483, 0.04992463666773613, 0.02795760179509056, 0.07592630304232699, -0.09703246631958834], [0.12544998610577152, 0.06497982837696491, 0.03600935410686811, 0.09374803124804659, -0.137007515361994, 1.0, -0.01415933837503268, -0.004800627375308469, -0.026794341936605633, -0.001987732045083014, 0.019530321846134787, -0.012585474568970247, -0.031479622314790366, -0.013819988844066504], [0.06270364237942624, -0.009291062653911197, 0.008925021366722737, -0.0016114348214940392, 0.004038390306218806, -0.01415933837503268, 1.0, 0.07723013105195393, 0.0964535377988674, -0.002889527524817827, 0.017708708641169326, 0.34257185778441457, 0.39671225422032, 0.01253755005225718], [-0.02438569491366013, 0.06057836254219969, 0.015602216543206964, -0.030327866416770946, 0.08424790473742853, -0.004800627375308469, 0.07723013105195393, 1.0, 0.2063377614313754, -0.038114328012420415, 0.03606556210584062, 0.08069109501062532, 0.17798548870082753, -0.07562330243092312], [-0.0324049062639377, 0.05869158578005579, 0.013398780974550648, -0.005389766511602727, 0.06720520833942412, -0.026794341936605633, 0.0964535377988674, 0.2063377614313754, 1.0, -0.015915403054613718, 0.04416479441950783, 0.10441121913729774, 0.21490469563530606, -0.06505017189018918], [0.007825150934026012, -0.024659078069957548, -0.06252291482886901, 0.04827628432064227, -0.01650436416487483, -0.001987732045083014, -0.002889527524817827, -0.038114328012420415, -0.015915403054613718, 1.0, -0.011959682158080003, 0.009595947508292063, -0.02440205846259919, 0.0372264515373882], [0.001104355479192002, 0.0025890138463286424, -0.005033075700885104, -0.004142204873018824, 0.04992463666773613, 0.019530321846134787, 0.017708708641169326, 0.03606556210584062, 0.04416479441950783, -0.011959682158080003, 1.0, 0.03075723025229153, 0.036727357601005844, 0.0014572419807819482], [0.02267306100721263, 0.021016449346751308, 0.006698886659811137, -0.0216424187104949, 0.02795760179509056, -0.012585474568970247, 0.34257185778441457, 0.08069109501062532, 0.10441121913729774, 0.009595947508292063, 0.03075723025229153, 1.0, 0.3469865343977415, -0.0017584489459254412], [-0.05088956555613242, 0.06022620226770025, 0.05172717124978966, -0.029533739953069252, 0.07592630304232699, -0.031479622314790366, 0.39671225422032, 0.17798548870082753, 0.21490469563530606, -0.02440205846259919, 0.036727357601005844, 0.3469865343977415, 1.0, -0.10959083023433278], [-0.04433992461400476, -0.10322786373311349, -0.04305452331708014, -0.0038052335308086235, -0.09703246631958834, -0.013819988844066504, 0.01253755005225718, -0.07562330243092312, -0.06505017189018918, 0.0372264515373882, 0.0014572419807819482, -0.0017584489459254412, -0.10959083023433278, 1.0]]\n"
     ]
    },
    {
     "name": "stderr",
     "output_type": "stream",
     "text": [
      "                                                                                \r"
     ]
    }
   ],
   "source": [
    "from pyspark.ml.feature import VectorAssembler\n",
    "from pyspark.ml.stat import Correlation\n",
    "\n",
    "assembler = VectorAssembler(inputCols=indexed_df.columns, outputCol=\"features\")\n",
    "assembled_df = assembler.transform(indexed_df).select(\"features\")\n",
    "\n",
    "correlation_matrix = Correlation.corr(assembled_df, \"features\").head()\n",
    "\n",
    "correlation_matrix_array = correlation_matrix[0].toArray()\n",
    "\n",
    "correlation_matrix_list = correlation_matrix_array.tolist()\n",
    "\n",
    "print(correlation_matrix_list)\n"
   ]
  },
  {
   "cell_type": "code",
   "execution_count": 80,
   "id": "e55e8c13-5268-40d4-98f4-775e740b71a5",
   "metadata": {},
   "outputs": [
    {
     "data": {
