{
 "cells": [
  {
   "cell_type": "code",
   "execution_count": 1,
   "id": "b7301905-fcd5-489f-87dc-c24f583f84dc",
   "metadata": {},
   "outputs": [],
   "source": [
    "from pyspark.sql import SparkSession\n",
    "import pyspark.sql.functions as F\n",
    "import os\n",
    "from pyspark.sql.functions import col, lit, to_date, split, when, coalesce\n",
    "from pyspark.sql.types import MapType, StringType"
   ]
  },
  {
   "cell_type": "code",
   "execution_count": 2,
   "id": "b342d134-165e-44b5-8599-19a7e8573a82",
   "metadata": {},
   "outputs": [
    {
     "name": "stderr",
     "output_type": "stream",
     "text": [
      "Setting default log level to \"WARN\".\n",
      "To adjust logging level use sc.setLogLevel(newLevel). For SparkR, use setLogLevel(newLevel).\n",
      "24/04/26 15:12:59 WARN NativeCodeLoader: Unable to load native-hadoop library for your platform... using builtin-java classes where applicable\n"
     ]
    }
   ],
   "source": [
    "spark = SparkSession.builder \\\n",
    "                    .appName('tennis') \\\n",
    "                    .getOrCreate()"
   ]
  },
  {
   "cell_type": "markdown",
   "id": "4849bb3c",
   "metadata": {},
   "source": [
    "# Singles"
   ]
  },
  {
   "cell_type": "code",
   "execution_count": 3,
   "id": "c5fe1f42-e2ec-4347-aab7-92aaa7793ef0",
   "metadata": {},
   "outputs": [
    {
     "name": "stderr",
     "output_type": "stream",
     "text": [
      "24/04/26 15:13:08 WARN SparkStringUtils: Truncated the string representation of a plan since it was too large. This behavior can be adjusted by setting 'spark.sql.debug.maxToStringFields'.\n"
     ]
    },
    {
     "name": "stdout",
     "output_type": "stream",
     "text": [
      "+----------+------------+-------+---------+-------------+------------+---------+---------+-----------+------------+--------------+-----------+---------+----------+----------+--------+----------+-----------+-------------+----------+--------+---------+---------+-----------+-------+-----+-------+-----+----+------+-------+--------+--------+-------+---------+---------+-----+----+------+-------+--------+--------+-------+---------+---------+-----------+------------------+----------+-----------------+\n",
      "|tourney_id|tourney_name|surface|draw_size|tourney_level|tourney_date|match_num|winner_id|winner_seed|winner_entry|   winner_name|winner_hand|winner_ht|winner_ioc|winner_age|loser_id|loser_seed|loser_entry|   loser_name|loser_hand|loser_ht|loser_ioc|loser_age|      score|best_of|round|minutes|w_ace|w_df|w_svpt|w_1stIn|w_1stWon|w_2ndWon|w_SvGms|w_bpSaved|w_bpFaced|l_ace|l_df|l_svpt|l_1stIn|l_1stWon|l_2ndWon|l_SvGms|l_bpSaved|l_bpFaced|winner_rank|winner_rank_points|loser_rank|loser_rank_points|\n",
      "+----------+------------+-------+---------+-------------+------------+---------+---------+-----------+------------+--------------+-----------+---------+----------+----------+--------+----------+-----------+-------------+----------+--------+---------+---------+-----------+-------+-----+-------+-----+----+------+-------+--------+--------+-------+---------+---------+-----+----+------+-------+--------+--------+-------+---------+---------+-----------+------------------+----------+-----------------+\n",
      "|  1994-339|    Adelaide|   Hard|       32|            A|    19940103|        1|   101404|          1|        NULL| Thomas Muster|          L|      180|       AUT|      26.2|  101214|      NULL|       NULL|Bryan Shelton|         R|     185|      USA|     28.0|    6-2 6-2|      3|  R32|     73|    5|   4|    48|     26|      21|      13|      8|        1|        1|    6|   6|    64|     30|      17|      15|      8|       10|       14|          9|              NULL|        97|             NULL|\n",
      "|  1994-339|    Adelaide|   Hard|       32|            A|    19940103|        2|   101917|       NULL|        NULL|Grant Stafford|          R|      188|       RSA|      22.6|  101190|      NULL|         WC|Darren Cahill|         R|     185|      AUS|     28.2|6-3 4-6 6-2|      3|  R32|    101|    1|   4|    89|     59|      39|      16|     14|        6|        9|    2|   5|    72|     37|      25|      17|     13|        1|        6|         86|              NULL|      NULL|             NULL|\n",
      "+----------+------------+-------+---------+-------------+------------+---------+---------+-----------+------------+--------------+-----------+---------+----------+----------+--------+----------+-----------+-------------+----------+--------+---------+---------+-----------+-------+-----+-------+-----+----+------+-------+--------+--------+-------+---------+---------+-----+----+------+-------+--------+--------+-------+---------+---------+-----------+------------------+----------+-----------------+\n",
      "only showing top 2 rows\n",
      "\n"
     ]
    }
   ],
   "source": [
    "singles=spark.read.option(\"header\",\"true\").option(\"inferSchema\",\"true\") \\\n",
    ".csv('singles')\n",
    "\n",
    "singles.show(2)"
   ]
  },
  {
   "cell_type": "code",
   "execution_count": 4,
   "id": "a6a2a283-7997-4a85-b808-5c958e76a145",
   "metadata": {},
   "outputs": [
    {
     "name": "stderr",
     "output_type": "stream",
     "text": [
      "[Stage 151:====>                                                  (1 + 11) / 12]\r"
     ]
    },
    {
     "name": "stdout",
     "output_type": "stream",
     "text": [
      "+----------+------------+-------+---------+-------------+------------+---------+---------+-----------+------------+-----------+-----------+---------+----------+----------+--------+----------+-----------+----------+----------+--------+---------+---------+-----+-------+-----+-------+-----+----+------+-------+--------+--------+-------+---------+---------+-----+----+------+-------+--------+--------+-------+---------+---------+-----------+------------------+----------+-----------------+\n",
      "|tourney_id|tourney_name|surface|draw_size|tourney_level|tourney_date|match_num|winner_id|winner_seed|winner_entry|winner_name|winner_hand|winner_ht|winner_ioc|winner_age|loser_id|loser_seed|loser_entry|loser_name|loser_hand|loser_ht|loser_ioc|loser_age|score|best_of|round|minutes|w_ace|w_df|w_svpt|w_1stIn|w_1stWon|w_2ndWon|w_SvGms|w_bpSaved|w_bpFaced|l_ace|l_df|l_svpt|l_1stIn|l_1stWon|l_2ndWon|l_SvGms|l_bpSaved|l_bpFaced|winner_rank|winner_rank_points|loser_rank|loser_rank_points|\n",
      "+----------+------------+-------+---------+-------------+------------+---------+---------+-----------+------------+-----------+-----------+---------+----------+----------+--------+----------+-----------+----------+----------+--------+---------+---------+-----+-------+-----+-------+-----+----+------+-------+--------+--------+-------+---------+---------+-----+----+------+-------+--------+--------+-------+---------+---------+-----------+------------------+----------+-----------------+\n",
      "|       0.0|         0.0|    1.6|      0.4|          0.0|         0.0|      0.0|      0.0|       63.0|         0.0|        0.0|        0.0|      8.8|       0.0|       0.7|     0.0|      81.2|        0.0|       0.0|       0.0|    15.5|      0.0|      2.4|  0.0|    0.0|  0.0|   51.9| 50.5|50.5|  50.5|   50.5|    50.5|    50.5|   50.5|     50.5|     50.5| 50.5|50.5|  50.5|   50.5|    50.5|    50.5|   50.5|     50.5|     50.5|       18.6|              43.2|      23.0|             44.1|\n",
      "+----------+------------+-------+---------+-------------+------------+---------+---------+-----------+------------+-----------+-----------+---------+----------+----------+--------+----------+-----------+----------+----------+--------+---------+---------+-----+-------+-----+-------+-----+----+------+-------+--------+--------+-------+---------+---------+-----+----+------+-------+--------+--------+-------+---------+---------+-----------+------------------+----------+-----------------+\n",
      "\n"
     ]
    },
    {
     "name": "stderr",
     "output_type": "stream",
     "text": [
      "                                                                                \r"
     ]
    }
   ],
   "source": [
    "from pyspark.sql.functions import col, count, round\n",
    "\n",
    "singles = singles.withColumn('winner_entry', when(singles['winner_entry'].isNull(), \"Standard\").otherwise(singles['winner_entry']))\n",
    "singles = singles.withColumn('loser_entry', when(singles['loser_entry'].isNull(), \"Standard\").otherwise(singles['loser_entry']))\n",
    "\n",
    "null_counts = singles.select([round(((count(when(col(c).isNull(), c)) / singles.count()) * 100), 1).alias(c) for c in singles.columns])\n",
    "null_counts.show()"
   ]
  },
  {
   "cell_type": "code",
   "execution_count": 5,
   "id": "d2a6ed69-dbaa-4daf-8490-81adf8c4ff22",
   "metadata": {},
   "outputs": [
    {
     "name": "stdout",
     "output_type": "stream",
     "text": [
      "+-------+-------------+------------+---------+-------------+-----------+---------+----------+----------+-------------+----------+---------+------------+-----------+---------+-------+-----+-----------+----------+\n",
      "|surface|tourney_level|tourney_name|draw_size|  winner_name|winner_hand|winner_ht|winner_ioc|winner_age|   loser_name|loser_hand|loser_ioc|winner_entry|loser_entry|loser_age|best_of|round|winner_rank|loser_rank|\n",
      "+-------+-------------+------------+---------+-------------+-----------+---------+----------+----------+-------------+----------+---------+------------+-----------+---------+-------+-----+-----------+----------+\n",
      "|   Hard|            A|    Adelaide|       32|Thomas Muster|          L|      180|       AUT|      26.2|Bryan Shelton|         R|      USA|    Standard|   Standard|     28.0|      3|  R32|          9|        97|\n",
      "|   Hard|            A|    Adelaide|       32| Brett Steven|          R|      185|       NZL|      24.6|  Byron Black|         R|      ZIM|    Standard|   Standard|     24.2|      3|  R32|         43|        84|\n",
      "+-------+-------------+------------+---------+-------------+-----------+---------+----------+----------+-------------+----------+---------+------------+-----------+---------+-------+-----+-----------+----------+\n",
      "only showing top 2 rows\n",
      "\n"
     ]
    }
   ],
   "source": [
    "selected_columns = ['surface',\n",
    "                    'tourney_level',\n",
    "                    'tourney_name',\n",
    "                    'draw_size',\n",
    "                    'winner_name',\n",
    "                    'winner_hand', \n",
    "                    'winner_ht',\n",
    "                    'winner_ioc',\n",
    "                    'winner_age',\n",
    "                    'loser_name',\n",
    "                    'loser_hand',\n",
    "                    'loser_ioc',\n",
    "                    'winner_entry',\n",
    "                    'loser_entry',\n",
    "                    'loser_age',\n",
    "                    'best_of',\n",
    "                    'round',\n",
    "                    'winner_rank',\n",
    "                    'loser_rank'\n",
    "                   ]\n",
    "\n",
    "clean_df = singles.select(selected_columns)\n",
    "clean_df = clean_df.filter(clean_df['best_of'] != 1)\n",
    "clean_df = clean_df.dropna()\n",
    "clean_df.show(2)"
   ]
  },
  {
   "cell_type": "code",
   "execution_count": 11,
   "id": "e15a7eea",
   "metadata": {},
   "outputs": [
    {
     "ename": "IllegalArgumentException",
     "evalue": "requirement failed: Column winner_hand must be of type class org.apache.spark.ml.linalg.VectorUDT:struct<type:tinyint,size:int,indices:array<int>,values:array<double>> but was actually class org.apache.spark.sql.types.StringType$:string.",
     "output_type": "error",
     "traceback": [
      "\u001b[0;31m---------------------------------------------------------------------------\u001b[0m",
      "\u001b[0;31mIllegalArgumentException\u001b[0m                  Traceback (most recent call last)",
      "Cell \u001b[0;32mIn[11], line 6\u001b[0m\n\u001b[1;32m      3\u001b[0m selected_df \u001b[38;5;241m=\u001b[39m clean_df\u001b[38;5;241m.\u001b[39mselect(\u001b[38;5;124m'\u001b[39m\u001b[38;5;124mwinner_hand\u001b[39m\u001b[38;5;124m'\u001b[39m, \u001b[38;5;124m'\u001b[39m\u001b[38;5;124mloser_hand\u001b[39m\u001b[38;5;124m'\u001b[39m)\n\u001b[1;32m      5\u001b[0m \u001b[38;5;66;03m# Calculate chi-squared test\u001b[39;00m\n\u001b[0;32m----> 6\u001b[0m chi_square_test \u001b[38;5;241m=\u001b[39m \u001b[43mChiSquareTest\u001b[49m\u001b[38;5;241;43m.\u001b[39;49m\u001b[43mtest\u001b[49m\u001b[43m(\u001b[49m\u001b[43mselected_df\u001b[49m\u001b[43m,\u001b[49m\u001b[43m \u001b[49m\u001b[38;5;124;43m'\u001b[39;49m\u001b[38;5;124;43mwinner_hand\u001b[39;49m\u001b[38;5;124;43m'\u001b[39;49m\u001b[43m,\u001b[49m\u001b[43m \u001b[49m\u001b[38;5;124;43m'\u001b[39;49m\u001b[38;5;124;43mloser_hand\u001b[39;49m\u001b[38;5;124;43m'\u001b[39;49m\u001b[43m)\u001b[49m\n\u001b[1;32m      8\u001b[0m chi_square_test\u001b[38;5;241m.\u001b[39mshow(truncate\u001b[38;5;241m=\u001b[39m\u001b[38;5;28;01mFalse\u001b[39;00m)\n",
      "File \u001b[0;32m~/.asdf/installs/python/3.10.13/lib/python3.10/site-packages/pyspark/ml/stat.py:112\u001b[0m, in \u001b[0;36mChiSquareTest.test\u001b[0;34m(dataset, featuresCol, labelCol, flatten)\u001b[0m\n\u001b[1;32m    110\u001b[0m javaTestObj \u001b[38;5;241m=\u001b[39m _jvm()\u001b[38;5;241m.\u001b[39morg\u001b[38;5;241m.\u001b[39mapache\u001b[38;5;241m.\u001b[39mspark\u001b[38;5;241m.\u001b[39mml\u001b[38;5;241m.\u001b[39mstat\u001b[38;5;241m.\u001b[39mChiSquareTest\n\u001b[1;32m    111\u001b[0m args \u001b[38;5;241m=\u001b[39m [_py2java(sc, arg) \u001b[38;5;28;01mfor\u001b[39;00m arg \u001b[38;5;129;01min\u001b[39;00m (dataset, featuresCol, labelCol, flatten)]\n\u001b[0;32m--> 112\u001b[0m \u001b[38;5;28;01mreturn\u001b[39;00m _java2py(sc, \u001b[43mjavaTestObj\u001b[49m\u001b[38;5;241;43m.\u001b[39;49m\u001b[43mtest\u001b[49m\u001b[43m(\u001b[49m\u001b[38;5;241;43m*\u001b[39;49m\u001b[43margs\u001b[49m\u001b[43m)\u001b[49m)\n",
      "File \u001b[0;32m~/.asdf/installs/python/3.10.13/lib/python3.10/site-packages/py4j/java_gateway.py:1322\u001b[0m, in \u001b[0;36mJavaMember.__call__\u001b[0;34m(self, *args)\u001b[0m\n\u001b[1;32m   1316\u001b[0m command \u001b[38;5;241m=\u001b[39m proto\u001b[38;5;241m.\u001b[39mCALL_COMMAND_NAME \u001b[38;5;241m+\u001b[39m\\\n\u001b[1;32m   1317\u001b[0m     \u001b[38;5;28mself\u001b[39m\u001b[38;5;241m.\u001b[39mcommand_header \u001b[38;5;241m+\u001b[39m\\\n\u001b[1;32m   1318\u001b[0m     args_command \u001b[38;5;241m+\u001b[39m\\\n\u001b[1;32m   1319\u001b[0m     proto\u001b[38;5;241m.\u001b[39mEND_COMMAND_PART\n\u001b[1;32m   1321\u001b[0m answer \u001b[38;5;241m=\u001b[39m \u001b[38;5;28mself\u001b[39m\u001b[38;5;241m.\u001b[39mgateway_client\u001b[38;5;241m.\u001b[39msend_command(command)\n\u001b[0;32m-> 1322\u001b[0m return_value \u001b[38;5;241m=\u001b[39m \u001b[43mget_return_value\u001b[49m\u001b[43m(\u001b[49m\n\u001b[1;32m   1323\u001b[0m \u001b[43m    \u001b[49m\u001b[43manswer\u001b[49m\u001b[43m,\u001b[49m\u001b[43m \u001b[49m\u001b[38;5;28;43mself\u001b[39;49m\u001b[38;5;241;43m.\u001b[39;49m\u001b[43mgateway_client\u001b[49m\u001b[43m,\u001b[49m\u001b[43m \u001b[49m\u001b[38;5;28;43mself\u001b[39;49m\u001b[38;5;241;43m.\u001b[39;49m\u001b[43mtarget_id\u001b[49m\u001b[43m,\u001b[49m\u001b[43m \u001b[49m\u001b[38;5;28;43mself\u001b[39;49m\u001b[38;5;241;43m.\u001b[39;49m\u001b[43mname\u001b[49m\u001b[43m)\u001b[49m\n\u001b[1;32m   1325\u001b[0m \u001b[38;5;28;01mfor\u001b[39;00m temp_arg \u001b[38;5;129;01min\u001b[39;00m temp_args:\n\u001b[1;32m   1326\u001b[0m     \u001b[38;5;28;01mif\u001b[39;00m \u001b[38;5;28mhasattr\u001b[39m(temp_arg, \u001b[38;5;124m\"\u001b[39m\u001b[38;5;124m_detach\u001b[39m\u001b[38;5;124m\"\u001b[39m):\n",
      "File \u001b[0;32m~/.asdf/installs/python/3.10.13/lib/python3.10/site-packages/pyspark/errors/exceptions/captured.py:185\u001b[0m, in \u001b[0;36mcapture_sql_exception.<locals>.deco\u001b[0;34m(*a, **kw)\u001b[0m\n\u001b[1;32m    181\u001b[0m converted \u001b[38;5;241m=\u001b[39m convert_exception(e\u001b[38;5;241m.\u001b[39mjava_exception)\n\u001b[1;32m    182\u001b[0m \u001b[38;5;28;01mif\u001b[39;00m \u001b[38;5;129;01mnot\u001b[39;00m \u001b[38;5;28misinstance\u001b[39m(converted, UnknownException):\n\u001b[1;32m    183\u001b[0m     \u001b[38;5;66;03m# Hide where the exception came from that shows a non-Pythonic\u001b[39;00m\n\u001b[1;32m    184\u001b[0m     \u001b[38;5;66;03m# JVM exception message.\u001b[39;00m\n\u001b[0;32m--> 185\u001b[0m     \u001b[38;5;28;01mraise\u001b[39;00m converted \u001b[38;5;28;01mfrom\u001b[39;00m \u001b[38;5;28;01mNone\u001b[39;00m\n\u001b[1;32m    186\u001b[0m \u001b[38;5;28;01melse\u001b[39;00m:\n\u001b[1;32m    187\u001b[0m     \u001b[38;5;28;01mraise\u001b[39;00m\n",
      "\u001b[0;31mIllegalArgumentException\u001b[0m: requirement failed: Column winner_hand must be of type class org.apache.spark.ml.linalg.VectorUDT:struct<type:tinyint,size:int,indices:array<int>,values:array<double>> but was actually class org.apache.spark.sql.types.StringType$:string."
     ]
    }
   ],
   "source": [
    "# from pyspark.ml.stat import ChiSquareTest\n",
    "\n",
    "# selected_df = clean_df.select('winner_hand', 'loser_hand')\n",
    "\n",
    "# # Calculate chi-squared test\n",
    "# chi_square_test = ChiSquareTest.test(selected_df, 'winner_hand', 'loser_hand')\n",
    "\n",
    "# chi_square_test.show(truncate=False)\n"
   ]
  },
  {
   "cell_type": "markdown",
   "id": "d81a4afd",
   "metadata": {},
   "source": [
    "For the correlation matrix, only numerical values can be analysed. We will give a different id per different value in the attributes where this processing makes sense."
   ]
  },
  {
   "cell_type": "code",
   "execution_count": 37,
   "id": "d25bbc2f",
   "metadata": {},
   "outputs": [
    {
     "name": "stderr",
     "output_type": "stream",
     "text": [
      "                                                                                \r"
     ]
    },
    {
     "name": "stdout",
     "output_type": "stream",
     "text": [
      "+---------+---------+---------+----------+--------+---------+-------+-----+-----+----+----+------+------+-------+-------+--------+--------+--------+--------+-------+-------+---------+---------+---------+---------+-----------+----------+-----------------+----------------+--------------+-------------+--------+----------------+----------+---------------+---------------+\n",
      "|draw_size|winner_id|winner_ht|winner_age|loser_id|loser_age|best_of|w_ace|l_ace|w_df|l_df|w_svpt|l_svpt|w_1stIn|l_1stIn|w_1stWon|l_1stWon|w_2ndWon|l_2ndWon|w_SvGms|l_SvGms|w_bpSaved|l_bpSaved|w_bpFaced|l_bpFaced|winner_rank|loser_rank|winner_country_id|loser_country_id|winner_hand_id|loser_hand_id|round_id|tourney_level_id|surface_id|tourney_name_id|winner_entry_id|\n",
      "+---------+---------+---------+----------+--------+---------+-------+-----+-----+----+----+------+------+-------+-------+--------+--------+--------+--------+-------+-------+---------+---------+---------+---------+-----------+----------+-----------------+----------------+--------------+-------------+--------+----------------+----------+---------------+---------------+\n",
      "|       32|   101404|      180|        26|  101214|       28|      3|    5|    6|   4|   6|    48|    64|     26|     30|      21|      17|      13|      15|      8|      8|        1|       10|        1|       14|          9|        97|               15|               1|             1|            0|       0|               0|         0|             54|              0|\n",
      "|       32|   101601|      185|        24|  101647|       24|      3|    3|    0|   6|   4|    58|    55|     37|     34|      29|      21|       8|       6|      9|      8|        3|        4|        4|        8|         43|        84|               53|              40|             0|            0|       0|               0|         0|             54|              0|\n",
      "|       32|   101120|      190|        28|  101682|       23|      3|    5|    1|   2|   5|    59|    63|     39|     35|      31|      24|      10|      12|      9|      9|        2|        2|        2|        5|         17|       222|                9|              18|             0|            0|       0|               0|         0|             54|              0|\n",
      "+---------+---------+---------+----------+--------+---------+-------+-----+-----+----+----+------+------+-------+-------+--------+--------+--------+--------+-------+-------+---------+---------+---------+---------+-----------+----------+-----------------+----------------+--------------+-------------+--------+----------------+----------+---------------+---------------+\n",
      "only showing top 3 rows\n",
      "\n"
     ]
    }
   ],
   "source": [
    "from pyspark.ml.feature import StringIndexer\n",
    "from functools import reduce\n",
    "\n",
    "def transform_column(df, col_mapping):\n",
    "    string_indexer = StringIndexer(inputCol=col_mapping['inputCol'], outputCol=col_mapping['outputCol'])\n",
    "    return string_indexer.fit(df).transform(df)\n",
    "\n",
    "index_columns = [\n",
    "    {'inputCol': 'winner_ioc', 'outputCol': 'winner_country_id'},\n",
    "    {'inputCol': 'loser_ioc', 'outputCol': 'loser_country_id'},\n",
    "    {'inputCol': 'winner_hand', 'outputCol': 'winner_hand_id'},\n",
    "    {'inputCol': 'loser_hand', 'outputCol': 'loser_hand_id'},\n",
    "    {'inputCol': 'round', 'outputCol': 'round_id'},\n",
    "    {'inputCol': 'tourney_level', 'outputCol': 'tourney_level_id'},\n",
    "    {'inputCol': 'surface', 'outputCol': 'surface_id'},\n",
    "    {'inputCol': 'tourney_name', 'outputCol': 'tourney_name_id'},\n",
    "    {'inputCol': 'winner_entry', 'outputCol': 'winner_entry_id'}\n",
    "]\n",
    "\n",
    "indexed_df = reduce(lambda df, col_mapping: transform_column(df, col_mapping), index_columns, clean_df)\n",
    "\n",
    "\n",
    "def cast_to_int(column_name):\n",
    "    return col(column_name).cast(\"int\")\n",
    "\n",
    "columns = indexed_df.columns\n",
    "\n",
    "casted_df = indexed_df.select(*map(cast_to_int, columns))\n",
    "\n",
    "columns_to_drop = ['winner_ioc', 'loser_ioc', 'winner_hand', 'loser_hand', 'round', 'tourney_level', 'surface', 'tourney_name', 'winner_entry']\n",
    "casted_df = casted_df.drop(*columns_to_drop)\n",
    "\n",
    "casted_df.show(3)"
   ]
  },
  {
   "cell_type": "code",
   "execution_count": 20,
   "id": "d57ef6ad",
   "metadata": {},
   "outputs": [
    {
     "ename": "TypeError",
     "evalue": "ChiSquareTest.test() missing 1 required positional argument: 'labelCol'",
     "output_type": "error",
     "traceback": [
      "\u001b[0;31m---------------------------------------------------------------------------\u001b[0m",
      "\u001b[0;31mTypeError\u001b[0m                                 Traceback (most recent call last)",
      "Cell \u001b[0;32mIn[20], line 8\u001b[0m\n\u001b[1;32m      5\u001b[0m feature_vector \u001b[38;5;241m=\u001b[39m assembler\u001b[38;5;241m.\u001b[39mtransform(casted_df)\u001b[38;5;241m.\u001b[39mselect(\u001b[38;5;124m'\u001b[39m\u001b[38;5;124mfeatures\u001b[39m\u001b[38;5;124m'\u001b[39m)\n\u001b[1;32m      7\u001b[0m \u001b[38;5;66;03m# Calculate chi-squared test\u001b[39;00m\n\u001b[0;32m----> 8\u001b[0m chi_square_test \u001b[38;5;241m=\u001b[39m \u001b[43mChiSquareTest\u001b[49m\u001b[38;5;241;43m.\u001b[39;49m\u001b[43mtest\u001b[49m\u001b[43m(\u001b[49m\u001b[43mfeature_vector\u001b[49m\u001b[43m,\u001b[49m\u001b[43m \u001b[49m\u001b[38;5;124;43m'\u001b[39;49m\u001b[38;5;124;43mfeatures\u001b[39;49m\u001b[38;5;124;43m'\u001b[39;49m\u001b[43m)\u001b[49m\n\u001b[1;32m     10\u001b[0m \u001b[38;5;66;03m# Show the result\u001b[39;00m\n\u001b[1;32m     11\u001b[0m chi_square_test\u001b[38;5;241m.\u001b[39mshow(truncate\u001b[38;5;241m=\u001b[39m\u001b[38;5;28;01mFalse\u001b[39;00m)\n",
      "\u001b[0;31mTypeError\u001b[0m: ChiSquareTest.test() missing 1 required positional argument: 'labelCol'"
     ]
    }
   ],
   "source": [
    "from pyspark.ml.stat import ChiSquareTest\n",
    "from pyspark.ml.feature import VectorAssembler\n",
    "\n",
    "assembler = VectorAssembler(inputCols=['winner_hand_id', 'loser_hand_id'], outputCol='features')\n",
    "feature_vector = assembler.transform(casted_df).select('features')\n",
    "\n",
    "# Calculate chi-squared test\n",
    "chi_square_test = ChiSquareTest.test(feature_vector, 'features')\n",
    "\n",
    "# Show the result\n",
    "chi_square_test.show(truncate=False)\n"
   ]
  },
  {
   "cell_type": "code",
   "execution_count": 34,
   "id": "7e63ca8b-b8a0-4e03-bc00-91c45c3adbdb",
   "metadata": {},
   "outputs": [
    {
     "name": "stdout",
     "output_type": "stream",
     "text": [
      "[[1.0, 0.02392239461731851, 0.03623073866766813, 0.0255476902239902, 0.024269401203414656, 0.02882318127625064, 0.8303627500197317, 0.22042125252237893, 0.17834146711829288, 0.19025141197051615, 0.21001997757358498, -0.11033348292597803, -0.08447558380435066, -0.033040554726984375, -0.022896292655078497, -0.012104002563878644, -0.007181207430868519, 0.12101167240567821, 0.7669487867323765, -0.07745162294672409, -0.5222026936657728, -0.04415279491769547], [0.02392239461731851, 1.0, 0.05410040441361001, -0.20342659618054504, 0.36079094006367013, 0.07993658054654049, 0.004766113851958011, 0.007052962609695003, 0.009201015723717532, -0.020945356431838685, -0.027321585955599297, 0.011884944180864904, -0.007532313679656683, 0.030492177475086254, 0.037682457660535844, -0.019985402274193802, 0.0009344029225006071, 0.050115783429165124, 0.03864618205871084, -0.07309920610166648, 0.07697776578312511, 0.040045354113885566], [0.03623073866766813, 0.05410040441361001, 1.0, -0.017652719892560568, 0.06412988217562968, 0.0554639543640755, 0.0265954705711489, 0.4165026933910806, 0.03878628101145623, 0.08445859386416701, -0.02311521688165518, -0.0586587822672191, -0.03380853703333038, -0.030819520338312718, 0.015050409357136361, -0.031048964362775162, -0.004346991194781137, 0.03711456266966198, 0.04692620358514996, -0.019004758225316516, -0.02889511112008872, -0.015027589476480053], [0.0255476902239902, -0.20342659618054504, -0.017652719892560568, 1.0, 0.07684321887845609, 0.09344473305941883, 0.024134173853725387, 0.05573639124348542, 0.07864611347453342, -0.011132971608381814, -0.006034939125656201, -0.03599854242294651, -0.0007890600704464506, -0.020477502926020092, 0.02910144770470223, 0.05187516346000107, -0.000547880657800182, -0.006665690801375983, 0.026365608783536575, -0.031297377509229285, -0.014086665583019837, -0.026638899990504575], [0.024269401203414656, 0.36079094006367013, 0.06412988217562968, 0.07684321887845609, 1.0, -0.2109979418958214, 0.011777156735295025, 0.012347897148440227, 0.017010379650022223, -0.014345708710023497, -0.01956074333934454, -0.00014657083147471972, 0.058884479347139744, 0.04759858700244665, 0.03088132119153199, -0.011719379887119349, 0.027133818159334404, 0.05458333721232518, 0.05232878805357882, -0.07065333468871432, 0.08636932825080576, 0.02951641314270935], [0.02882318127625064, 0.07993658054654049, 0.0554639543640755, 0.09344473305941883, -0.2109979418958214, 1.0, 0.014460418270649165, 0.07808159406231255, 0.043008228997886574, -0.010655674453875521, -0.029134762530261277, -0.016923003298270595, -0.10552736621865531, 0.02884370367682307, -0.03255524907540499, -0.011581711701854893, 0.04050650953095981, -0.0033712093249496354, 0.019627553425979532, -0.0365684108655966, -0.02707738006812553, 0.01472313480377758], [0.8303627500197317, 0.004766113851958011, 0.0265954705711489, 0.024134173853725387, 0.011777156735295025, 0.014460418270649165, 1.0, 0.2728915247009917, 0.21748136195269205, 0.22394957980169733, 0.24502596850933742, -0.05512836394417127, -0.014836951326875854, -0.008745786300819779, 0.0022841816028049714, -0.007737040096715947, -0.0012352354916476372, 0.18486591905392857, 0.7802447309553018, 0.012526606377955843, -0.29266258423889235, -0.05296730984426833], [0.22042125252237893, 0.007052962609695003, 0.4165026933910806, 0.05573639124348542, 0.012347897148440227, 0.07808159406231255, 0.2728915247009917, 1.0, 0.31566660407117214, 0.2609701940226373, 0.12456718168684548, -0.05835077547298842, -0.04264888990439924, 0.001865785135773556, -0.007805794111186471, -0.021085543801689463, -0.0035238515339648187, 0.07195475351264388, 0.21996024621377744, 0.016060124089198397, -0.09074140989298667, -0.021133575742296937], [0.17834146711829288, 0.009201015723717532, 0.03878628101145623, 0.07864611347453342, 0.017010379650022223, 0.043008228997886574, 0.21748136195269205, 0.31566660407117214, 1.0, 0.1958551882235593, 0.26641324731476035, -0.009438132651536446, -0.07937951234212698, -0.000508951656749245, -0.023513140444301885, 0.0072847589074793535, 0.005417402803828389, 0.0717027111488306, 0.1806390454702342, 0.007301467764605711, -0.07729424831455431, 0.008125918266705986], [0.19025141197051615, -0.020945356431838685, 0.08445859386416701, -0.011132971608381814, -0.014345708710023497, -0.010655674453875521, 0.22394957980169733, 0.2609701940226373, 0.1958551882235593, 1.0, 0.2520955534931666, 0.04976233949948349, 0.003322377153598854, 0.010017547538632189, -0.0045927262021862566, 0.027526640149706242, -0.0009577028582277054, 0.011077896066777877, 0.16474512204146496, 0.03165349502429973, -0.07040364849603357, 0.010862452411786563], [0.21001997757358498, -0.027321585955599297, -0.02311521688165518, -0.006034939125656201, -0.01956074333934454, -0.029134762530261277, 0.24502596850933742, 0.12456718168684548, 0.26641324731476035, 0.2520955534931666, 1.0, 0.05415993591372854, 0.021270136718236517, 0.01610351184047781, -0.005987850509454875, 0.00863353497121882, 0.016961847060085224, 0.007419575916746464, 0.18132856266218203, 0.0295613422102318, -0.07953218455358797, 0.010326604098489404], [-0.11033348292597803, 0.011884944180864904, -0.0586587822672191, -0.03599854242294651, -0.00014657083147471972, -0.016923003298270595, -0.05512836394417127, -0.05835077547298842, -0.009438132651536446, 0.04976233949948349, 0.05415993591372854, 1.0, 0.17129119607721868, 0.13459621000062896, 0.06028355479238732, 0.032319354512873, 0.012803504613822582, -0.07543952650157938, -0.09266179528180304, 0.0229426596579548, 0.1735097904621848, 0.471691898073116], [-0.08447558380435066, -0.007532313679656683, -0.03380853703333038, -0.0007890600704464506, 0.058884479347139744, -0.10552736621865531, -0.014836951326875854, -0.04264888990439924, -0.07937951234212698, 0.003322377153598854, 0.021270136718236517, 0.17129119607721868, 1.0, 0.06151626932649292, 0.13917185681546201, 0.01778725079938388, 0.04926058724094846, -0.07120849695342456, -0.04495449018945532, 0.00602671788036798, 0.1839501162907064, 0.00923069708121672], [-0.033040554726984375, 0.030492177475086254, -0.030819520338312718, -0.020477502926020092, 0.04759858700244665, 0.02884370367682307, -0.008745786300819779, 0.001865785135773556, -0.000508951656749245, 0.010017547538632189, 0.01610351184047781, 0.13459621000062896, 0.06151626932649292, 1.0, 0.05119605753842641, -0.007205002147137708, 0.0022784566792504947, -0.005967011349636761, -0.0019194951537164742, -0.030393688002445327, 0.08719962800688037, 0.037447762995583826], [-0.022896292655078497, 0.037682457660535844, 0.015050409357136361, 0.02910144770470223, 0.03088132119153199, -0.03255524907540499, 0.0022841816028049714, -0.007805794111186471, -0.023513140444301885, -0.0045927262021862566, -0.005987850509454875, 0.06028355479238732, 0.13917185681546201, 0.05119605753842641, 1.0, 0.0014726560421231775, -0.022711686412239085, 0.005867618544436485, 0.011677024151389163, -0.03910862358450356, 0.09138341168216428, 0.012913222488751866], [-0.012104002563878644, -0.019985402274193802, -0.031048964362775162, 0.05187516346000107, -0.011719379887119349, -0.011581711701854893, -0.007737040096715947, -0.021085543801689463, 0.0072847589074793535, 0.027526640149706242, 0.00863353497121882, 0.032319354512873, 0.01778725079938388, -0.007205002147137708, 0.0014726560421231775, 1.0, -0.002913764834453282, -0.009827632428212028, -0.019043828519520606, 0.030708322873026973, 0.02120960650883006, 0.0039448944189828285], [-0.007181207430868519, 0.0009344029225006071, -0.004346991194781137, -0.000547880657800182, 0.027133818159334404, 0.04050650953095981, -0.0012352354916476372, -0.0035238515339648187, 0.005417402803828389, -0.0009577028582277054, 0.016961847060085224, 0.012803504613822582, 0.04926058724094846, 0.0022784566792504947, -0.022711686412239085, -0.002913764834453282, 1.0, -0.001219674032201865, -0.004777703710557023, 0.011584959167004166, 0.026592787825073405, 0.0011792991209297555], [0.12101167240567821, 0.050115783429165124, 0.03711456266966198, -0.006665690801375983, 0.05458333721232518, -0.0033712093249496354, 0.18486591905392857, 0.07195475351264388, 0.0717027111488306, 0.011077896066777877, 0.007419575916746464, -0.07543952650157938, -0.07120849695342456, -0.005967011349636761, 0.005867618544436485, -0.009827632428212028, -0.001219674032201865, 1.0, 0.29890572897453455, -0.03768604782305763, 0.11282681929884954, -0.07435801298167537], [0.7669487867323765, 0.03864618205871084, 0.04692620358514996, 0.026365608783536575, 0.05232878805357882, 0.019627553425979532, 0.7802447309553018, 0.21996024621377744, 0.1806390454702342, 0.16474512204146496, 0.18132856266218203, -0.09266179528180304, -0.04495449018945532, -0.0019194951537164742, 0.011677024151389163, -0.019043828519520606, -0.004777703710557023, 0.29890572897453455, 1.0, -0.0635009762215401, -0.2111051566548596, -0.06503894120970947], [-0.07745162294672409, -0.07309920610166648, -0.019004758225316516, -0.031297377509229285, -0.07065333468871432, -0.0365684108655966, 0.012526606377955843, 0.016060124089198397, 0.007301467764605711, 0.03165349502429973, 0.0295613422102318, 0.0229426596579548, 0.00602671788036798, -0.030393688002445327, -0.03910862358450356, 0.030708322873026973, 0.011584959167004166, -0.03768604782305763, -0.0635009762215401, 1.0, 0.03581004656344651, -0.001033376227911609], [-0.5222026936657728, 0.07697776578312511, -0.02889511112008872, -0.014086665583019837, 0.08636932825080576, -0.02707738006812553, -0.29266258423889235, -0.09074140989298667, -0.07729424831455431, -0.07040364849603357, -0.07953218455358797, 0.1735097904621848, 0.1839501162907064, 0.08719962800688037, 0.09138341168216428, 0.02120960650883006, 0.026592787825073405, 0.11282681929884954, -0.2111051566548596, 0.03581004656344651, 1.0, -0.0027020923916935948], [-0.04415279491769547, 0.040045354113885566, -0.015027589476480053, -0.026638899990504575, 0.02951641314270935, 0.01472313480377758, -0.05296730984426833, -0.021133575742296937, 0.008125918266705986, 0.010862452411786563, 0.010326604098489404, 0.471691898073116, 0.00923069708121672, 0.037447762995583826, 0.012913222488751866, 0.0039448944189828285, 0.0011792991209297555, -0.07435801298167537, -0.06503894120970947, -0.001033376227911609, -0.0027020923916935948, 1.0]]\n"
     ]
    }
   ],
   "source": [
    "from pyspark.ml.feature import VectorAssembler\n",
    "from pyspark.ml.stat import Correlation\n",
    "\n",
    "assembler = VectorAssembler(inputCols=casted_df.columns, outputCol=\"features\")\n",
    "assembled_df = assembler.transform(casted_df).select(\"features\")\n",
    "\n",
    "correlation_matrix = Correlation.corr(assembled_df, \"features\").head()\n",
    "\n",
    "correlation_matrix_array = correlation_matrix[0].toArray()\n",
    "\n",
    "correlation_matrix_list = correlation_matrix_array.tolist()\n",
    "\n",
    "print(correlation_matrix_list)\n"
   ]
  },
  {
   "cell_type": "code",
   "execution_count": 35,
   "id": "e55e8c13-5268-40d4-98f4-775e740b71a5",
   "metadata": {},
   "outputs": [
    {
     "data": {
